0.504634$&$0.0570867$&$0.0971877$&$0.105812$&$0.108116$&$0.124373$&$0.10844$&$0.123996$&$0.11184$&$0.101499$&$0.0917882$&$0.0750103$&$0.0472179$&$

0.0570867$&$0.170179$&$0.0300051$&$0.0844666$&$0.0662104$&$0.0735373$&$0.0665589$&$0.0630784$&$0.0599128$&$0.045082$&$0.0469618$&$0.0362514$&$0.0130421$&$

0.0971877$&$0.0300051$&$0.137037$&$0.034302$&$0.0698987$&$0.0631034$&$0.0605336$&$0.052944$&$0.0522172$&$0.0403915$&$0.0419276$&$0.031794$&$0.0124937$&$

0.105812$&$0.0844666$&$0.034302$&$0.150321$&$0.0602439$&$0.0939152$&$0.0814674$&$0.0739056$&$0.0694476$&$0.0521052$&$0.0512022$&$0.0417718$&$0.0111748$&$

0.108116$&$0.0662104$&$0.0698987$&$0.0602439$&$0.150576$&$0.0661924$&$0.0918011$&$0.0728175$&$0.0727874$&$0.0570207$&$0.054739$&$0.0455481$&$0.0187164$&$

0.124373$&$0.0735373$&$0.0631034$&$0.0939152$&$0.0661924$&$0.172764$&$0.0775558$&$0.091938$&$0.0835356$&$0.0658784$&$0.0612729$&$0.0506533$&$0.0194237$&$

0.10844$&$0.0665589$&$0.0605336$&$0.0814674$&$0.0918011$&$0.0775558$&$0.181565$&$0.0467706$&$0.0777071$&$0.0538853$&$0.0552754$&$0.0443033$&$0.0178662$&$

0.123996$&$0.0630784$&$0.052944$&$0.0739056$&$0.0728175$&$0.091938$&$0.0467706$&$0.198813$&$0.0694012$&$0.0728058$&$0.0533194$&$0.0469857$&$0.018992$&$

0.11184$&$0.0599128$&$0.0522172$&$0.0694476$&$0.0727874$&$0.0835356$&$0.0777071$&$0.0694012$&$0.179769$&$0.0248502$&$0.0554535$&$0.0432782$&$0.0175474$&$

0.101499$&$0.045082$&$0.0403915$&$0.0521052$&$0.0570207$&$0.0658784$&$0.0538853$&$0.0728058$&$0.0248502$&$0.266139$&$0.0345152$&$0.0378037$&$0.0242349$&$

0.0917882$&$0.0469618$&$0.0419276$&$0.0512022$&$0.054739$&$0.0612729$&$0.0552754$&$0.0533194$&$0.0554535$&$0.0345152$&$0.189197$&$0.0129576$&$-0.0149038$&$

0.0750103$&$0.0362514$&$0.031794$&$0.0417718$&$0.0455481$&$0.0506533$&$0.0443033$&$0.0469857$&$0.0432782$&$0.0378037$&$0.0129576$&$0.23504$&$-0.0651653$&$

0.0472179$&$0.0130421$&$0.0124937$&$0.0111748$&$0.0187164$&$0.0194237$&$0.0178662$&$0.018992$&$0.0175474$&$0.0242349$&$-0.0149038$&$-0.0651653$&$0.292703$&$





$50.463$&$5.709$&$9.719$&$10.581$&$10.812$&$12.437$&$10.844$&$12.400$&$11.184$&$10.150$&$9.179$&$7.501$&$4.722$
$5.709$&$17.018$&$3.001$&$8.447$&$6.621$&$7.354$&$6.656$&$6.308$&$5.991$&$4.508$&$4.696$&$3.625$&$1.304$
$9.719$&$3.001$&$13.704$&$3.430$&$6.990$&$6.310$&$6.053$&$5.294$&$5.222$&$4.039$&$4.193$&$3.179$&$1.249$
$10.581$&$8.447$&$3.430$&$15.032$&$6.024$&$9.392$&$8.147$&$7.391$&$6.945$&$5.211$&$5.120$&$4.177$&$1.117$
$10.812$&$6.621$&$6.990$&$6.024$&$15.058$&$6.619$&$9.180$&$7.282$&$7.279$&$5.702$&$5.474$&$4.555$&$1.872$
$12.437$&$7.354$&$6.310$&$9.392$&$6.619$&$17.276$&$7.756$&$9.194$&$8.354$&$6.588$&$6.127$&$5.065$&$1.942$
$10.844$&$6.656$&$6.053$&$8.147$&$9.180$&$7.756$&$18.157$&$4.677$&$7.771$&$5.389$&$5.528$&$4.430$&$1.787$
$12.400$&$6.308$&$5.294$&$7.391$&$7.282$&$9.194$&$4.677$&$19.881$&$6.940$&$7.281$&$5.332$&$4.699$&$1.899$
$11.184$&$5.991$&$5.222$&$6.945$&$7.279$&$8.354$&$7.771$&$6.940$&$17.977$&$2.485$&$5.545$&$4.328$&$1.755$
$10.150$&$4.508$&$4.039$&$5.211$&$5.702$&$6.588$&$5.389$&$7.281$&$2.485$&$26.614$&$3.452$&$3.780$&$2.423$
$9.179$&$4.696$&$4.193$&$5.120$&$5.474$&$6.127$&$5.528$&$5.332$&$5.545$&$3.452$&$18.920$&$1.296$&$-1.490$
$7.501$&$3.625$&$3.179$&$4.177$&$4.555$&$5.065$&$4.430$&$4.699$&$4.328$&$3.780$&$1.296$&$23.504$&$-6.517$
$4.722$&$1.304$&$1.249$&$1.117$&$1.872$&$1.942$&$1.787$&$1.899$&$1.755$&$2.423$&$-1.490$&$-6.517$&$29.270$




$50.4634$&$5.70867$&$9.71877$&$10.5812$&$10.8116$&$12.4373$&$10.844$&$12.3996$&$11.184$&$10.1499$&$9.17882$&$7.50103$&$4.72179$
$5.70867$&$17.0179$&$3.00051$&$8.44666$&$6.62104$&$7.35373$&$6.65589$&$6.30784$&$5.99128$&$4.5082$&$4.69618$&$3.62514$&$1.30421$
$9.71877$&$3.00051$&$13.7037$&$3.4302$&$6.98987$&$6.31034$&$6.05336$&$5.2944$&$5.22172$&$4.03915$&$4.19276$&$3.1794$&$1.24937$
$10.5812$&$8.44666$&$3.4302$&$15.0321$&$6.02439$&$9.39152$&$8.14674$&$7.39056$&$6.94476$&$5.21052$&$5.12022$&$4.17718$&$1.11748$
$10.8116$&$6.62104$&$6.98987$&$6.02439$&$15.0576$&$6.61924$&$9.18011$&$7.28175$&$7.27874$&$5.70207$&$5.4739$&$4.55481$&$1.87164$
$12.4373$&$7.35373$&$6.31034$&$9.39152$&$6.61924$&$17.2764$&$7.75558$&$9.1938$&$8.35356$&$6.58784$&$6.12729$&$5.06533$&$1.94237$
$10.844$&$6.65589$&$6.05336$&$8.14674$&$9.18011$&$7.75558$&$18.1565$&$4.67706$&$7.77071$&$5.38853$&$5.52754$&$4.43033$&$1.78662$
$12.3996$&$6.30784$&$5.2944$&$7.39056$&$7.28175$&$9.1938$&$4.67706$&$19.8813$&$6.94012$&$7.28058$&$5.33194$&$4.69857$&$1.8992$
$12.3996$&$6.30784$&$5.2944$&$7.39056$&$7.28175$&$9.1938$&$4.67706$&$19.8813$&$6.94012$&$7.28058$&$5.33194$&$4.69857$&$1.8992$
$10.1499$&$4.5082$&$4.03915$&$5.21052$&$5.70207$&$6.58784$&$5.38853$&$7.28058$&$2.48502$&$26.6139$&$3.45152$&$3.78037$&$2.42349$
$9.17882$&$4.69618$&$4.19276$&$5.12022$&$5.4739$&$6.12729$&$5.52754$&$5.33194$&$5.54535$&$3.45152$&$18.9197$&$1.29576$&$-1.49038$
$7.50103$&$3.62514$&$3.1794$&$4.17718$&$4.55481$&$5.06533$&$4.43033$&$4.69857$&$4.32782$&$3.78037$&$1.29576$&$23.504$&$-6.51653$
$4.72179$&$1.30421$&$1.24937$&$1.11748$&$1.87164$&$1.94237$&$1.78662$&$1.8992$&$1.75474$&$2.42349$&$-1.49038$&$-6.51653$&$29.2703$





$1.000$&$0.195$&$0.370$&$0.384$&$0.392$&$0.421$&$0.358$&$0.391$&$0.371$&$0.277$&$0.297$&$0.218$&$0.123$
$0.195$&$1.000$&$0.196$&$0.528$&$0.414$&$0.429$&$0.379$&$0.343$&$0.343$&$0.212$&$0.262$&$0.181$&$0.058$
$0.370$&$0.196$&$1.000$&$0.239$&$0.487$&$0.410$&$0.384$&$0.321$&$0.333$&$0.212$&$0.260$&$0.177$&$0.062$
$0.384$&$0.528$&$0.239$&$1.000$&$0.400$&$0.583$&$0.493$&$0.428$&$0.422$&$0.261$&$0.304$&$0.222$&$0.053$
$0.392$&$0.414$&$0.487$&$0.400$&$1.000$&$0.410$&$0.555$&$0.421$&$0.442$&$0.285$&$0.324$&$0.242$&$0.089$
$0.421$&$0.429$&$0.410$&$0.583$&$0.410$&$1.000$&$0.438$&$0.496$&$0.474$&$0.307$&$0.339$&$0.251$&$0.086$
$0.358$&$0.379$&$0.384$&$0.493$&$0.555$&$0.438$&$1.000$&$0.246$&$0.430$&$0.245$&$0.298$&$0.214$&$0.078$
$0.391$&$0.343$&$0.321$&$0.428$&$0.421$&$0.496$&$0.246$&$1.000$&$0.367$&$0.317$&$0.275$&$0.217$&$0.079$
$0.371$&$0.343$&$0.333$&$0.422$&$0.442$&$0.474$&$0.430$&$0.367$&$1.000$&$0.114$&$0.301$&$0.211$&$0.076$
$0.277$&$0.212$&$0.212$&$0.261$&$0.285$&$0.307$&$0.245$&$0.317$&$0.114$&$1.000$&$0.154$&$0.151$&$0.087$
$0.297$&$0.262$&$0.260$&$0.304$&$0.324$&$0.339$&$0.298$&$0.275$&$0.301$&$0.154$&$1.000$&$0.061$&$-0.063$
$0.218$&$0.181$&$0.177$&$0.222$&$0.242$&$0.251$&$0.214$&$0.217$&$0.211$&$0.151$&$0.061$&$1.000$&$-0.248$
$0.123$&$0.058$&$0.062$&$0.053$&$0.089$&$0.086$&$0.078$&$0.079$&$0.076$&$0.087$&$-0.063$&$-0.248$&$1.000$
