0.485088e-12 0.000417725e-12 -0.00172061e-12 -0.000713623e-12 -0.00404718e-12 -0.00405598e-12 -0.000916266e-12 -0.00159448e-12 -0.00116606e-12 -0.000225392e-12 -0.000105041e-12 -0.00114193e-12 -0.000709633e-12 
0.000417725e-12 0.181899e-12 -0.00822185e-12 -0.0172737e-12 -0.00696975e-12 -0.0088002e-12 -0.004475e-12 -0.00243328e-12 -0.018578e-12 0.0000996621e-12 0.0000556089e-12 -0.0045959e-12 -0.000414853e-12 
-0.00172061e-12 -0.00822185e-12 0.163859e-12 -0.00156468e-12 -0.0203778e-12 -0.0218615e-12 -0.0200776e-12 -0.0255261e-12 -0.0262905e-12 -0.000141726e-12 0.000355287e-12 -0.0138596e-12 -0.0063509e-12 
-0.000713623e-12 -0.0172737e-12 -0.00156468e-12 0.170736e-12 0.0401011e-12 0.0504356e-12 0.0397763e-12 0.0248342e-12 0.0423711e-12 -0.00115136e-12 -0.00477913e-12 -0.0373497e-12 -0.00120861e-12 
-0.00404718e-12 -0.00696975e-12 -0.0203778e-12 0.0401011e-12 0.170891e-12 0.0254246e-12 0.0274495e-12 0.0157637e-12 0.0400501e-12 -0.000807512e-12 -0.00215447e-12 -0.00693401e-12 -0.00378362e-12 
-0.00405598e-12 -0.0088002e-12 -0.0218615e-12 0.0504356e-12 0.0254246e-12 0.202882e-12 0.0241957e-12 0.0126153e-12 0.0552002e-12 -0.000844754e-12 -0.0012208e-12 -0.00997417e-12 -0.00428701e-12 
-0.000916266e-12 -0.004475e-12 -0.0200776e-12 0.0397763e-12 0.0274495e-12 0.0241957e-12 0.202998e-12 -0.0197022e-12 0.0404107e-12 -0.000317443e-12 -0.00137829e-12 -0.00270976e-12 -0.00824765e-12 
-0.00159448e-12 -0.00243328e-12 -0.0255261e-12 0.0248342e-12 0.0157637e-12 0.0126153e-12 -0.0197022e-12 0.216979e-12 0.0181621e-12 -0.000128609e-12 0.00058843e-12 -0.00696113e-12 -0.00785691e-12 
-0.00116606e-12 -0.018578e-12 -0.0262905e-12 0.0423711e-12 0.0400501e-12 0.0552002e-12 0.0404107e-12 0.0181621e-12 0.195498e-12 -0.000244007e-12 -0.00333579e-12 -0.0380562e-12 -0.00263789e-12 
-0.000225392e-12 0.0000996621e-12 -0.000141726e-12 -0.00115136e-12 -0.000807512e-12 -0.000844754e-12 -0.000317443e-12 -0.000128609e-12 -0.000244007e-12 0.315013e-12 -0.0000439481e-12 -0.000173957e-12 -0.000113066e-12 
-0.000105041e-12 0.0000556089e-12 0.000355287e-12 -0.00477913e-12 -0.00215447e-12 -0.0012208e-12 -0.00137829e-12 0.00058843e-12 -0.00333579e-12 -0.0000439481e-12 0.197517e-12 0.00142946e-12 0.0000248798e-12 
-0.00114193e-12 -0.0045959e-12 -0.0138596e-12 -0.0373497e-12 -0.00693401e-12 -0.00997417e-12 -0.00270976e-12 -0.00696113e-12 -0.0380562e-12 -0.000173957e-12 0.00142946e-12 0.256468e-12 -0.00174766e-12 
-0.000709633e-12 -0.000414853e-12 -0.0063509e-12 -0.00120861e-12 -0.00378362e-12 -0.00428701e-12 -0.00824765e-12 -0.00785691e-12 -0.00263789e-12 -0.000113066e-12 0.0000248798e-12 -0.00174766e-12 0.362904e-12 