0.504634e-12 0.0570867e-12 0.0971877e-12 0.105812e-12 0.108116e-12 0.124373e-12 0.10844e-12 0.123996e-12 0.11184e-12 0.101499e-12 0.0917882e-12 0.0750103e-12 0.0472179e-12 

0.0570867e-12 0.170179e-12 0.0300051e-12 0.0844666e-12 0.0662104e-12 0.0735373e-12 0.0665589e-12 0.0630784e-12 0.0599128e-12 0.045082e-12 0.0469618e-12 0.0362514e-12 0.0130421e-12 

0.0971877e-12 0.0300051e-12 0.137037e-12 0.034302e-12 0.0698987e-12 0.0631034e-12 0.0605336e-12 0.052944e-12 0.0522172e-12 0.0403915e-12 0.0419276e-12 0.031794e-12 0.0124937e-12 

0.105812e-12 0.0844666e-12 0.034302e-12 0.150321e-12 0.0602439e-12 0.0939152e-12 0.0814674e-12 0.0739056e-12 0.0694476e-12 0.0521052e-12 0.0512022e-12 0.0417718e-12 0.0111748e-12 

0.108116e-12 0.0662104e-12 0.0698987e-12 0.0602439e-12 0.150576e-12 0.0661924e-12 0.0918011e-12 0.0728175e-12 0.0727874e-12 0.0570207e-12 0.054739e-12 0.0455481e-12 0.0187164e-12 

0.124373e-12 0.0735373e-12 0.0631034e-12 0.0939152e-12 0.0661924e-12 0.172764e-12 0.0775558e-12 0.091938e-12 0.0835356e-12 0.0658784e-12 0.0612729e-12 0.0506533e-12 0.0194237e-12 

0.10844e-12 0.0665589e-12 0.0605336e-12 0.0814674e-12 0.0918011e-12 0.0775558e-12 0.181565e-12 0.0467706e-12 0.0777071e-12 0.0538853e-12 0.0552754e-12 0.0443033e-12 0.0178662e-12 

0.123996e-12 0.0630784e-12 0.052944e-12 0.0739056e-12 0.0728175e-12 0.091938e-12 0.0467706e-12 0.198813e-12 0.0694012e-12 0.0728058e-12 0.0533194e-12 0.0469857e-12 0.018992e-12 

0.11184e-12 0.0599128e-12 0.0522172e-12 0.0694476e-12 0.0727874e-12 0.0835356e-12 0.0777071e-12 0.0694012e-12 0.179769e-12 0.0248502e-12 0.0554535e-12 0.0432782e-12 0.0175474e-12 

0.101499e-12 0.045082e-12 0.0403915e-12 0.0521052e-12 0.0570207e-12 0.0658784e-12 0.0538853e-12 0.0728058e-12 0.0248502e-12 0.266139e-12 0.0345152e-12 0.0378037e-12 0.0242349e-12 

0.0917882e-12 0.0469618e-12 0.0419276e-12 0.0512022e-12 0.054739e-12 0.0612729e-12 0.0552754e-12 0.0533194e-12 0.0554535e-12 0.0345152e-12 0.189197e-12 0.0129576e-12 -0.0149038e-12 

0.0750103e-12 0.0362514e-12 0.031794e-12 0.0417718e-12 0.0455481e-12 0.0506533e-12 0.0443033e-12 0.0469857e-12 0.0432782e-12 0.0378037e-12 0.0129576e-12 0.23504e-12 -0.0651653e-12 

0.0472179e-12 0.0130421e-12 0.0124937e-12 0.0111748e-12 0.0187164e-12 0.0194237e-12 0.0178662e-12 0.018992e-12 0.0175474e-12 0.0242349e-12 -0.0149038e-12 -0.0651653e-12 0.292703e-12 




7.02962e-06
7.12261e-06
6.54852e-06
7.37524e-06
6.64364e-06
7.17296e-06
6.73647e-06
6.26924e-06
6.10849e-06
4.40233e-06
4.30536e-06
3.38906e-06
0.384453e-06


7.02962	0.710376
7.12261	0.412527
6.54852	0.370186
7.37524	0.387713
6.64364	0.388042
7.17296	0.415649
6.73647	0.426105
6.26924	0.445884
6.10849	0.423992
4.40233	0.515887
4.30536	0.434968
3.38906	0.48481
0.384453 0.541021