0.48983 -0.00481181 0.00305635 -0.0187692 -0.0107665 -0.00477432 -0.00655823 -0.00281072 -0.00676973 -0.0172734 -0.0248461 -0.0102182 -0.0129444

-0.00481181 0.159176 -0.0375824 0.0236941 0.0235915 0.0324837 0.0362637 0.0399558 0.0319455 -0.0179145 0.0336599 0.0256719 0.00789528 

0.00305635 -0.0375824 0.12815 0.00985485 0.0106506 0.0106436 0.0150608 0.015662 0.0132059 -0.00326056 0.0194725 0.0153349 -0.0132588 

-0.0187692 0.0236941 0.00985485 0.135352 0.0165023 0.070442 0.0564036 0.0619775 0.0513357 -0.0410456 0.0265326 0.0344135 0.0470308 

-0.0107665 0.0235915 0.0106506 0.0165023 0.142718 0.0225702 0.0702853 0.0601013 0.0536583 -0.0443423 0.0576027 0.0353906 0.0478204 

-0.00477432 0.0324837 0.0106436 0.070442 0.0225702 0.162967 0.0578422 0.0969053 0.0763949 -0.0367856 0.0642164 0.047753 0.0606835 

-0.00655823 0.0362637 0.0150608 0.0564036 0.0702853 0.0578422 0.174107 0.0665209 0.0915723 -0.061398 0.0663117 0.0531798 0.0666709 

-0.00281072 0.0399558 0.015662 0.0619775 0.0601013 0.0969053 0.0665209 0.194201 0.0730399 -0.0587395 0.0758266 0.060995 0.0741431 

-0.00676973 0.0319455 0.0132059 0.0513357 0.0536583 0.0763949 0.0915723 0.0730399 0.17476 -0.0306921 0.0604575 0.0453386 0.0613538 

-0.0172734 -0.0179145 -0.00326056 -0.0410456 -0.0443423 -0.0367856 -0.061398 -0.0587395 -0.0306921 0.263337 -0.0103776 -0.012475 -0.0360689 

-0.0248461 0.0336599 0.0194725 0.0265326 0.0576027 0.0642164 0.0663117 0.0758266 0.0604575 -0.0103776 0.18516 0.053726 0.0637126 

-0.0102182 0.0256719 0.0153349 0.0344135 0.0353906 0.047753 0.0531798 0.060995 0.0453386 -0.012475 0.053726 0.232085 0.0346295 

-0.0129444 0.00789528 -0.0132588 0.0470308 0.0478204 0.0606835 0.0666709 0.0741431 0.0613538 -0.0360689 0.0637126 0.0346295 0.290209 

















Data: 7.02661e-6 7.22005e-6 6.63281e-6 7.48125e-6 6.70261e-6 7.24075e-6 6.79999e-6 6.28915e-6 6.13959e-6 4.4114e-6 4.27682e-6 3.34311e-6 0.312531e-6

MatrixDimension: 13


GenerateToys: no
Toynum: 10000

CovarianceMatrix.row1: 0.48983e-12 -0.00481181e-12 0.00305635e-12 -0.0187692e-12 -0.0107665e-12 -0.00477432e-12 -0.00655823e-12 -0.00281072e-12 -0.00676973e-12 -0.0172734e-12 -0.0248461e-12 -0.0102182e-12 -0.0129444e-12

CovarianceMatrix.row2: -0.00481181e-12 0.159176e-12 -0.0375824e-12 0.0236941e-12 0.0235915e-12 0.0324837e-12 0.0362637e-12 0.0399558e-12 0.0319455e-12 -0.0179145e-12 0.0336599e-12 0.0256719e-12 0.00789528e-12

CovarianceMatrix.row3: 0.00305635e-12 -0.0375824e-12 0.12815e-12 0.00985485e-12 0.0106506e-12 0.0106436e-12 0.0150608e-12 0.015662e-12 0.0132059e-12 -0.00326056e-12 0.0194725e-12 0.0153349e-12 -0.0132588e-12

CovarianceMatrix.row4: -0.0187692e-12 0.0236941e-12 0.00985485e-12 0.135352e-12 0.0165023e-12 0.070442e-12 0.0564036e-12 0.0619775e-12 0.0513357e-12 -0.0410456e-12 0.0265326e-12 0.0344135e-12 0.0470308e-12

CovarianceMatrix.row5: -0.0107665e-12 0.0235915e-12 0.0106506e-12 0.0165023e-12 0.142718e-12 0.0225702e-12 0.0702853e-12 0.0601013e-12 0.0536583e-12 -0.0443423e-12 0.0576027e-12 0.0353906e-12 0.0478204e-12

CovarianceMatrix.row6: -0.00477432e-12 0.0324837e-12 0.0106436e-12 0.070442e-12 0.0225702e-12 0.162967e-12 0.0578422e-12 0.0969053e-12 0.0763949e-12 -0.0367856e-12 0.0642164e-12 0.047753e-12 0.0606835e-12

CovarianceMatrix.row7: -0.00655823e-12 0.0362637e-12 0.0150608e-12 0.0564036e-12 0.0702853e-12 0.0578422e-12 0.174107e-12 0.0665209e-12 0.0915723e-12 -0.061398e-12 0.0663117e-12 0.0531798e-12 0.0666709e-12

CovarianceMatrix.row8: -0.00281072e-12 0.0399558e-12 0.015662e-12 0.0619775e-12 0.0601013e-12 0.0969053e-12 0.0665209e-12 0.194201e-12 0.0730399e-12 -0.0587395e-12 0.0758266e-12 0.060995e-12 0.0741431e-12

CovarianceMatrix.row9: -0.00676973e-12 0.0319455e-12 0.0132059e-12 0.0513357e-12 0.0536583e-12 0.0763949e-12 0.0915723e-12 0.0730399e-12 0.17476e-12 -0.0306921e-12 0.0604575e-12 0.0453386e-12 0.0613538e-12

CovarianceMatrix.row10: -0.0172734e-12 -0.0179145e-12 -0.00326056e-12 -0.0410456e-12 -0.0443423e-12 -0.0367856e-12 -0.061398e-12 -0.0587395e-12 -0.0306921e-12 0.263337e-12 -0.0103776e-12 -0.012475e-12 -0.0360689e-12

CovarianceMatrix.row11: -0.0248461e-12 0.0336599e-12 0.0194725e-12 0.0265326e-12 0.0576027e-12 0.0642164e-12 0.0663117e-12 0.0758266e-12 0.0604575e-12 -0.0103776e-12 0.18516e-12 0.053726e-12 0.0637126e-12

CovarianceMatrix.row12: -0.0102182e-12 0.0256719e-12 0.0153349e-12 0.0344135e-12 0.0353906e-12 0.047753e-12 0.0531798e-12 0.060995e-12 0.0453386e-12 -0.012475e-12 0.053726e-12 0.232085e-12 0.0346295e-12

CovarianceMatrix.row13: -0.0129444e-12 0.00789528e-12 -0.0132588e-12 0.0470308e-12 0.0478204e-12 0.0606835e-12 0.0666709e-12 0.0741431e-12 0.0613538e-12 -0.0360689e-12 0.0637126e-12 0.0346295e-12 0.290209e-12