0.482141e-12 -0.00216692e-12 -0.060907e-12 -0.0754053e-12 -0.0603051e-12 -0.0630577e-12 -0.0624427e-12 -0.0398714e-12 -0.0311155e-12 -0.0472647e-12 -0.0482998e-12 -0.0448005e-12 -0.0398278e-12 

-0.00216692e-12 0.164127e-12 0.00389013e-12 0.00303046e-12 0.00489239e-12 0.00848313e-12 0.00880342e-12 0.00811057e-12 0.00902013e-12 0.0183203e-12 0.0134409e-12 -0.0239659e-12 -0.0754127e-12 

-0.060907e-12 0.00389013e-12 0.140214e-12 0.0447703e-12 0.0838909e-12 0.0707534e-12 0.0749279e-12 0.0670059e-12 0.0581319e-12 0.0576682e-12 0.0457525e-12 0.0524192e-12 0.0409973e-12 

-0.0754053e-12 0.00303046e-12 0.0447703e-12 0.156835e-12 0.0554943e-12 0.0873119e-12 0.0793306e-12 0.0735011e-12 0.0590666e-12 0.0879953e-12 0.051115e-12 0.0552709e-12 0.0430189e-12 

-0.0603051e-12 0.00489239e-12 0.0838909e-12 0.0554943e-12 0.14991e-12 0.0757802e-12 0.103786e-12 0.0875791e-12 0.0736724e-12 0.0849427e-12 0.0581346e-12 0.0630533e-12 0.0523347e-12 

-0.0630577e-12 0.00848313e-12 0.0707534e-12 0.0873119e-12 0.0757802e-12 0.169795e-12 0.0791764e-12 0.101069e-12 0.0750067e-12 0.0872101e-12 0.0636053e-12 0.0651706e-12 0.0563327e-12 

-0.0624427e-12 0.00880342e-12 0.0749279e-12 0.0793306e-12 0.103786e-12 0.0791764e-12 0.175314e-12 0.0839463e-12 0.0869961e-12 0.0938537e-12 0.0666612e-12 0.0690157e-12 0.0594591e-12 

-0.0398714e-12 0.00811057e-12 0.0670059e-12 0.0735011e-12 0.0875791e-12 0.101069e-12 0.0839463e-12 0.176557e-12 0.0472912e-12 0.0833483e-12 0.05683e-12 0.0623233e-12 0.0517269e-12 

-0.0311155e-12 0.00902013e-12 0.0581319e-12 0.0590666e-12 0.0736724e-12 0.0750067e-12 0.0869961e-12 0.0472912e-12 0.165122e-12 0.0834812e-12 0.0626978e-12 0.0541782e-12 0.0485761e-12 

-0.0472647e-12 0.0183203e-12 0.0576682e-12 0.0879953e-12 0.0849427e-12 0.0872101e-12 0.0938537e-12 0.0833483e-12 0.0834812e-12 0.272014e-12 0.0710596e-12 0.071288e-12 0.0616231e-12 

-0.0482998e-12 0.0134409e-12 0.0457525e-12 0.051115e-12 0.0581346e-12 0.0636053e-12 0.0666612e-12 0.05683e-12 0.0626978e-12 0.0710596e-12 0.19108e-12 0.0389756e-12 0.0425042e-12 

-0.0448005e-12 -0.0239659e-12 0.0524192e-12 0.0552709e-12 0.0630533e-12 0.0651706e-12 0.0690157e-12 0.0623233e-12 0.0541782e-12 0.071288e-12 0.0389756e-12 0.240818e-12 0.0218719e-12 

-0.0398278e-12 -0.0754127e-12 0.0409973e-12 0.0430189e-12 0.0523347e-12 0.0563327e-12 0.0594591e-12 0.0517269e-12 0.0485761e-12 0.0616231e-12 0.0425042e-12 0.0218719e-12 0.274529e-12 



6.74785e-06 6.86678e-06 6.40416e-06 7.39205e-06 6.72926e-06 7.28682e-06 6.63107e-06 6.07872e-06 6.06998e-06 4.36801e-06 4.77275e-06 3.45099e-06 0.0966239e-06 


6.74785	0.694364
6.86678	0.405126
6.40416	0.374452
7.39205	0.396024
6.72926	0.387182
7.28682	0.412062
6.63107	0.418705
6.07872	0.420186
6.06998	0.406353
4.36801	0.521549
4.77275	0.437127
3.45099	0.490732
0.0966239	0.523955







//wrong covariance


0.474996e-12 -0.00237497e-12 -0.0603573e-12 -0.0755426e-12 -0.0611662e-12 -0.0631675e-12 -0.0628406e-12 -0.0402672e-12 -0.031535e-12 -0.0468471e-12 -0.0488633e-12 -0.0454846e-12 -0.0397457e-12 

-0.00237497e-12 0.163475e-12 0.0043547e-12 0.00365508e-12 0.00547089e-12 0.00929269e-12 0.00971384e-12 0.00879523e-12 0.00953912e-12 0.0188706e-12 0.0147666e-12 -0.0248401e-12 -0.0748815e-12 

-0.0603573e-12 0.0043547e-12 0.138552e-12 0.042543e-12 0.0833338e-12 0.0693757e-12 0.0738836e-12 0.0660247e-12 0.0569693e-12 0.0552129e-12 0.0438667e-12 0.0524135e-12 0.0405091e-12 

-0.0755426e-12 0.00365508e-12 0.042543e-12 0.154336e-12 0.0535037e-12 0.0856383e-12 0.0770644e-12 0.0719926e-12 0.0574411e-12 0.0873394e-12 0.0474587e-12 0.0544513e-12 0.0422515e-12 

-0.0611662e-12 0.00547089e-12 0.0833338e-12 0.0535037e-12 0.149465e-12 0.0736125e-12 0.102462e-12 0.0860904e-12 0.0724589e-12 0.0842858e-12 0.0553817e-12 0.0628937e-12 0.0518515e-12 

-0.0631675e-12 0.00929269e-12 0.0693757e-12 0.0856383e-12 0.0736125e-12 0.167417e-12 0.0774679e-12 0.0996875e-12 0.0736737e-12 0.0855749e-12 0.0607613e-12 0.0648142e-12 0.0558845e-12 

-0.0628406e-12 0.00971384e-12 0.0738836e-12 0.0770644e-12 0.102462e-12 0.0774679e-12 0.173688e-12 0.0815659e-12 0.0859066e-12 0.0923811e-12 0.0637622e-12 0.0691092e-12 0.0590456e-12 

-0.0402672e-12 0.00879523e-12 0.0660247e-12 0.0719926e-12 0.0860904e-12 0.0996875e-12 0.0815659e-12 0.174861e-12 0.0453015e-12 0.0818401e-12 0.0531399e-12 0.0617245e-12 0.05114e-12 

-0.031535e-12 0.00953912e-12 0.0569693e-12 0.0574411e-12 0.0724589e-12 0.0736737e-12 0.0859066e-12 0.0453015e-12 0.163467e-12 0.0823317e-12 0.0597127e-12 0.0537524e-12 0.0480568e-12 

-0.0468471e-12 0.0188706e-12 0.0552129e-12 0.0873394e-12 0.0842858e-12 0.0855749e-12 0.0923811e-12 0.0818401e-12 0.0823317e-12 0.272677e-12 0.0708504e-12 0.0724001e-12 0.0612029e-12 

-0.0488633e-12 0.0147666e-12 0.0438667e-12 0.0474587e-12 0.0553817e-12 0.0607613e-12 0.0637622e-12 0.0531399e-12 0.0597127e-12 0.0708504e-12 0.191524e-12 0.0372436e-12 0.0418206e-12 

-0.0454846e-12 -0.0248401e-12 0.0524135e-12 0.0544513e-12 0.0628937e-12 0.0648142e-12 0.0691092e-12 0.0617245e-12 0.0537524e-12 0.0724001e-12 0.0372436e-12 0.240757e-12 0.0212062e-12 

-0.0397457e-12 -0.0748815e-12 0.0405091e-12 0.0422515e-12 0.0518515e-12 0.0558845e-12 0.0590456e-12 0.05114e-12 0.0480568e-12 0.0612029e-12 0.0418206e-12 0.0212062e-12 0.273598e-12 





//wrong covariance

6.68113e-06 6.84971e-06 6.37115e-06 7.36389e-06 6.75557e-06 7.29886e-06 6.64158e-06 6.07757e-06 6.05709e-06 4.35251e-06 4.78369e-06 3.45997e-06 0.116895e-06


6.68113	0.6892
6.84971	0.40432
6.37115	0.372226
7.36389	0.392856
6.75557	0.386607
7.29886	0.409166
6.64158	0.416758
6.07757	0.418164
6.05709	0.40431
4.35251	0.522185
4.78369	0.437634
3.45997	0.49067
0.116895 0.523066