1 0.139467 0.324513 0.30686 0.292897 0.331468 0.278217 0.296559 0.274139 0.222828 0.232032 0.163188 0.0725487 
0.139467 1 0.0915284 0.43165 0.302697 0.322787 0.277458 0.250879 0.266141 0.180293 0.217453 0.135879 0.0388014 
0.324513 0.0915284 1 0.140863 0.414117 0.335701 0.309184 0.244576 0.290186 0.212783 0.227653 0.144368 0.0386966 
0.30686 0.43165 0.140863 1 0.300761 0.516517 0.407665 0.341212 0.347049 0.249317 0.278281 0.186546 0.0437848 
0.292897 0.302697 0.414117 0.300761 1 0.304226 0.485574 0.323565 0.345618 0.264338 0.272763 0.189439 0.0514632 
0.331468 0.322787 0.335701 0.516517 0.304226 1 0.35453 0.405223 0.376754 0.281729 0.296727 0.205923 0.0536997 
0.278217 0.277458 0.309184 0.407665 0.485574 0.35453 1 0.132242 0.346053 0.226057 0.258616 0.171751 0.0519289 
0.296559 0.250879 0.244576 0.341212 0.323565 0.405223 0.132242 1 0.257435 0.276683 0.222969 0.161567 0.0457567 
0.274139 0.266141 0.290186 0.347049 0.345618 0.376754 0.346053 0.257435 1 0.0711547 0.260245 0.15574 0.0286635 
0.222828 0.180293 0.212783 0.249317 0.264338 0.281729 0.226057 0.276683 0.0711547 1 0.146312 0.130621 0.0564373 
0.232032 0.217453 0.227653 0.278281 0.272763 0.296727 0.258616 0.222969 0.260245 0.146312 1 0.0334976 -0.114762 
0.163188 0.135879 0.144368 0.186546 0.189439 0.205923 0.171751 0.161567 0.15574 0.130621 0.0334976 1 -0.308993 
0.0725487 0.0388014 0.0386966 0.0437848 0.0514632 0.0536997 0.0519289 0.0457567 0.0286635 0.0564373 -0.114762 -0.308993 1 
