0.488697 -0.000310524 0.000423712 -0.00298698 -0.000948886 -0.00403914 -0.00504311 -0.00239747 -0.00371081 -0.000310097 -7.20593e-05 -0.00126031 -0.000795094 -0.000310524 0.166194 0.000761291 0.00136864 -0.00240078 -0.00565006 -0.00406431 -0.003749 -0.00307063 -0.000251661 0.00038947 -0.00105737 -0.000309728 0.000423712 0.000761291 0.133794 -0.00680516 -0.0118531 -0.00479269 -0.005602 -0.00293445 0.00190561 0.000175417 -0.000182827 -0.00523017 -0.000543992 -0.00298698 0.00136864 -0.00680516 0.145575 -0.00708505 -0.00849013 -0.0210339 -0.0143379 -0.00299706 -0.00025099 0.000590598 -0.00632255 -0.00211154 -0.000948886 -0.00240078 -0.0118531 -0.00708505 0.145199 0.0410969 0.0449774 0.0334645 0.0192518 -0.00135769 -0.00336732 -0.0319999 -0.00117415 -0.00403914 -0.00565006 -0.00479269 -0.00849013 0.0410969 0.166105 0.0239627 0.0245804 0.0145285 -0.000839348 -0.00124769 -0.0145792 -0.003842 -0.00504311 -0.00406431 -0.005602 -0.0210339 0.0449774 0.0239627 0.176354 0.0078583 -0.0124088 -0.00168427 -0.000322217 -0.0124112 -0.00781302 -0.00239747 -0.003749 -0.00293445 -0.0143379 0.0334645 0.0245804 0.0078583 0.19337 -0.0475636 -0.0013193 -0.000743752 -0.00707908 -0.0100021 -0.00371081 -0.00307063 0.00190561 -0.00299706 0.0192518 0.0145285 -0.0124088 -0.0475636 0.174585 -0.00158271 0.000579152 -0.016652 -0.0101753 -0.000310097 -0.000251661 0.000175417 -0.00025099 -0.00135769 -0.000839348 -0.00168427 -0.0013193 -0.00158271 0.261142 3.965e-06 -0.000277803 -0.000257559 -7.20593e-05 0.00038947 -0.000182827 0.000590598 -0.00336732 -0.00124769 -0.000322217 -0.000743752 0.000579152 3.965e-06 0.18352 0.00114592 -8.69293e-05 -0.00126031 -0.00105737 -0.00523017 -0.00632255 -0.0319999 -0.0145792 -0.0124112 -0.00707908 -0.016652 -0.000277803 0.00114592 0.228965 -0.00304395 -0.000795094 -0.000309728 -0.000543992 -0.00211154 -0.00117415 -0.003842 -0.00781302 -0.0100021 -0.0101753 -0.000257559 -8.69293e-05 -0.00304395 0.288496 