0.555097 -0.00602255 -0.00476751 -0.00507501 -0.00123862 -0.00399715 -0.00529282 -0.00526195 -0.00622345 0.000885281 -0.00154642 -0.000611471 -0.0093051 -0.00602255 0.172644 0.0174172 -0.00818724 0.0443786 0.0469351 0.0603201 0.0625687 0.0632618 -0.00923959 -0.0256481 0.0617499 0.0414572 -0.00476751 0.0174172 0.139948 -0.0346037 0.0287598 0.0302124 0.0409797 0.0434395 0.0435243 -0.0052134 -0.0180033 0.0436178 0.0351606 -0.00507501 -0.00818724 -0.0346037 0.144463 0.00985961 0.010849 0.012794 0.0150811 0.0150549 0.00216618 0.000226052 0.020906 0.0189048 -0.00123862 0.0443786 0.0287598 0.00985961 0.151947 0.0231429 0.0816771 0.0657971 0.0652543 -0.0174189 -0.0430235 0.0421228 0.0448458 -0.00399715 0.0469351 0.0302124 0.010849 0.0231429 0.175223 0.0338134 0.084923 0.0679949 -0.0108513 -0.0500971 0.0757215 0.0494246 -0.00529282 0.0603201 0.0409797 0.012794 0.0816771 0.0338134 0.187151 0.0728947 0.104172 -0.00438022 -0.0415657 0.0819615 0.0672615 -0.00526195 0.0625687 0.0434395 0.0150811 0.0657971 0.084923 0.0728947 0.195481 0.0731378 -0.00736928 -0.0559161 0.0830617 0.069966 -0.00622345 0.0632618 0.0435243 0.0150549 0.0652543 0.0679949 0.104172 0.0731378 0.182493 -0.00288669 -0.0516521 0.0861482 0.0705595 0.000885281 -0.00923959 -0.0052134 0.00216618 -0.0174189 -0.0108513 -0.00438022 -0.00736928 -0.00288669 0.280329 -0.00934131 -0.0249982 -0.010131 -0.00154642 -0.0256481 -0.0180033 0.000226052 -0.0430235 -0.0500971 -0.0415657 -0.0559161 -0.0516521 -0.00934131 0.20531 -0.0278024 -0.0112783 -0.000611471 0.0617499 0.0436178 0.020906 0.0421228 0.0757215 0.0819615 0.0830617 0.0861482 -0.0249982 -0.0278024 0.25888 0.0775034 -0.0093051 0.0414572 0.0351606 0.0189048 0.0448458 0.0494246 0.0672615 0.069966 0.0705595 -0.010131 -0.0112783 0.0775034 0.267833 