0.506666e-12 0.029267e-12 0.0954611e-12 0.0946661e-12 0.0902571e-12 0.109632e-12 0.088505e-12 0.109319e-12 0.100477e-12 0.0871667e-12 0.0833435e-12 0.0855783e-12 0.030644e-12 0.029267e-12 0.227541e-12 0.0177476e-12 0.0890694e-12 0.0572208e-12 0.0672727e-12 0.0578195e-12 0.0563721e-12 0.0534357e-12 0.0427299e-12 0.0427671e-12 0.0384386e-12 0.0151182e-12 0.0954611e-12 0.0177476e-12 0.164691e-12 0.0135497e-12 0.0689025e-12 0.0573431e-12 0.0549598e-12 0.0498656e-12 0.0488906e-12 0.0393731e-12 0.0381464e-12 0.0346542e-12 0.0143159e-12 0.0946661e-12 0.0890694e-12 0.0135497e-12 0.196778e-12 0.0392481e-12 0.0921866e-12 0.0732605e-12 0.0688542e-12 0.0642271e-12 0.049567e-12 0.0451987e-12 0.0439543e-12 0.0154346e-12 0.0902571e-12 0.0572208e-12 0.0689025e-12 0.0392481e-12 0.188001e-12 0.0297715e-12 0.0843579e-12 0.0613214e-12 0.0631731e-12 0.0496537e-12 0.0450645e-12 0.0461112e-12 0.0177304e-12 0.109632e-12 0.0672727e-12 0.0573431e-12 0.0921866e-12 0.0297715e-12 0.222925e-12 0.0550424e-12 0.0866221e-12 0.0750266e-12 0.0603561e-12 0.0542503e-12 0.054964e-12 0.0206186e-12 0.088505e-12 0.0578195e-12 0.0549598e-12 0.0732605e-12 0.0843579e-12 0.0550424e-12 0.225104e-12 0.0180469e-12 0.0699986e-12 0.0463378e-12 0.0456819e-12 0.0443233e-12 0.0160332e-12 0.109319e-12 0.0563721e-12 0.0498656e-12 0.0688542e-12 0.0613214e-12 0.0866221e-12 0.0180469e-12 0.235729e-12 0.0613888e-12 0.0679778e-12 0.0465924e-12 0.0521708e-12 0.0190759e-12 0.100477e-12 0.0534357e-12 0.0488906e-12 0.0642271e-12 0.0631731e-12 0.0750266e-12 0.0699986e-12 0.0613888e-12 0.203419e-12 0.0251289e-12 0.0496303e-12 0.0468141e-12 0.0178818e-12 0.0871667e-12 0.0427299e-12 0.0393731e-12 0.049567e-12 0.0496537e-12 0.0603561e-12 0.0463378e-12 0.0679778e-12 0.0251289e-12 0.189924e-12 0.032106e-12 0.0441622e-12 0.0152402e-12 0.0833435e-12 0.0427671e-12 0.0381464e-12 0.0451987e-12 0.0450645e-12 0.0542503e-12 0.0456819e-12 0.0465924e-12 0.0496303e-12 0.032106e-12 0.172598e-12 0.0217344e-12 0.0122281e-12 0.0855783e-12 0.0384386e-12 0.0346542e-12 0.0439543e-12 0.0461112e-12 0.054964e-12 0.0443233e-12 0.0521708e-12 0.0468141e-12 0.0441622e-12 0.0217344e-12 0.179888e-12 -0.00188779e-12 0.030644e-12 0.0151182e-12 0.0143159e-12 0.0154346e-12 0.0177304e-12 0.0206186e-12 0.0160332e-12 0.0190759e-12 0.0178818e-12 0.0152402e-12 0.0122281e-12 -0.00188779e-12 0.0640154e-12 
