0.490906 0.0116439 0.0846076 0.0799642 0.0775472 0.0948382 0.0760421 0.0967996 0.0886761 0.0767677 0.0737438 0.0771706 0.0287714 0.0116439 0.214866 -0.000971472 0.0715537 0.0441054 0.0541277 0.0453094 0.0476807 0.0440987 0.0344195 0.0359709 0.0338776 0.0142989 0.0846076 -0.000971472 0.154885 -0.00563279 0.0581794 0.0444856 0.0439205 0.0415726 0.0402411 0.0318509 0.0316919 0.0301313 0.0134314 0.0799642 0.0715537 -0.00563279 0.182001 0.0237666 0.0788948 0.060139 0.0593757 0.0542926 0.040959 0.0378109 0.0386311 0.0142848 0.0775472 0.0441054 0.0581794 0.0237666 0.181241 0.015399 0.0749604 0.0522397 0.0544146 0.0419653 0.0384822 0.0409413 0.0167349 0.0948382 0.0541277 0.0444856 0.0788948 0.015399 0.213697 0.0421295 0.0769608 0.0649337 0.0517027 0.0468648 0.0488813 0.0195004 0.0760421 0.0453094 0.0439205 0.060139 0.0749604 0.0421295 0.218747 0.0071905 0.0614447 0.038461 0.039385 0.0392156 0.0150022 0.0967996 0.0476807 0.0415726 0.0593757 0.0522397 0.0769608 0.0071905 0.230397 0.0521893 0.0612272 0.0404485 0.0468071 0.0180694 0.0886761 0.0440987 0.0402411 0.0542926 0.0544146 0.0649337 0.0614447 0.0521893 0.197979 0.016615 0.0436179 0.0414005 0.0169002 0.0767677 0.0344195 0.0318509 0.040959 0.0419653 0.0517027 0.038461 0.0612272 0.016615 0.186288 0.0262092 0.0395664 0.0143835 0.0737438 0.0359709 0.0316919 0.0378109 0.0384822 0.0468648 0.039385 0.0404485 0.0436179 0.0262092 0.169902 0.0166961 0.0112705 0.0771706 0.0338776 0.0301313 0.0386311 0.0409413 0.0488813 0.0392156 0.0468071 0.0414005 0.0395664 0.0166961 0.177737 -0.00292713 0.0287714 0.0142989 0.0134314 0.0142848 0.0167349 0.0195004 0.0150022 0.0180694 0.0169002 0.0143835 0.0112705 -0.00292713 0.0651594 