0.512316e-12 0.0242394e-12 0.0927715e-12 0.0913759e-12 0.0883901e-12 0.108353e-12 0.086649e-12 0.108539e-12 0.0995985e-12 0.0862625e-12 0.0828368e-12 0.0859466e-12 0.0319254e-12 0.0242394e-12 0.217779e-12 0.0046789e-12 0.0757982e-12 0.0494321e-12 0.0602551e-12 0.0502161e-12 0.053074e-12 0.0491407e-12 0.0388785e-12 0.040133e-12 0.0379294e-12 0.0157563e-12 0.0927715e-12 0.0046789e-12 0.158493e-12 0.000399336e-12 0.0629077e-12 0.051273e-12 0.0488752e-12 0.0470665e-12 0.0452035e-12 0.0362135e-12 0.0357923e-12 0.0340561e-12 0.0148939e-12 0.0913759e-12 0.0757982e-12 0.000399336e-12 0.187195e-12 0.0310866e-12 0.085924e-12 0.0662722e-12 0.0657626e-12 0.0602344e-12 0.046154e-12 0.0425993e-12 0.0432875e-12 0.0159788e-12 0.0883901e-12 0.0494321e-12 0.0629077e-12 0.0310866e-12 0.187261e-12 0.0245464e-12 0.080991e-12 0.0594125e-12 0.0607451e-12 0.0475292e-12 0.0435767e-12 0.0458843e-12 0.0185107e-12 0.108353e-12 0.0602551e-12 0.051273e-12 0.085924e-12 0.0245464e-12 0.223173e-12 0.0508759e-12 0.0851118e-12 0.0727173e-12 0.0584183e-12 0.0530828e-12 0.0549046e-12 0.0216858e-12 0.086649e-12 0.0502161e-12 0.0488752e-12 0.0662722e-12 0.080991e-12 0.0508759e-12 0.224924e-12 0.0147029e-12 0.067533e-12 0.0441207e-12 0.0442871e-12 0.0440341e-12 0.0167263e-12 0.108539e-12 0.053074e-12 0.0470665e-12 0.0657626e-12 0.0594125e-12 0.0851118e-12 0.0147029e-12 0.238055e-12 0.059909e-12 0.0671808e-12 0.0459528e-12 0.0520845e-12 0.0199762e-12 0.0995985e-12 0.0491407e-12 0.0452035e-12 0.0602344e-12 0.0607451e-12 0.0727173e-12 0.067533e-12 0.059909e-12 0.204745e-12 0.0227043e-12 0.0488754e-12 0.0466317e-12 0.0186427e-12 0.0862625e-12 0.0388785e-12 0.0362135e-12 0.046154e-12 0.0475292e-12 0.0584183e-12 0.0441207e-12 0.0671808e-12 0.0227043e-12 0.191724e-12 0.031128e-12 0.0441037e-12 0.0159038e-12 0.0828368e-12 0.040133e-12 0.0357923e-12 0.0425993e-12 0.0435767e-12 0.0530828e-12 0.0442871e-12 0.0459528e-12 0.0488754e-12 0.031128e-12 0.174601e-12 0.0213259e-12 0.0129062e-12 0.0859466e-12 0.0379294e-12 0.0340561e-12 0.0432875e-12 0.0458843e-12 0.0549046e-12 0.0440341e-12 0.0520845e-12 0.0466317e-12 0.0441037e-12 0.0213259e-12 0.182191e-12 -0.00138271e-12 0.0319254e-12 0.0157563e-12 0.0148939e-12 0.0159788e-12 0.0185107e-12 0.0216858e-12 0.0167263e-12 0.0199762e-12 0.0186427e-12 0.0159038e-12 0.0129062e-12 -0.00138271e-12 0.0660275e-12 
