0.504634 -0.000309037 0.000455358 -0.00300194 -0.00110472 -0.00424224 -0.00534439 -0.00261496 -0.00385356 -0.000315921 -6.90169e-05 -0.00129006 -0.000806198 -0.000309037 0.170179 0.000809088 0.00156754 -0.00277173 -0.00605769 -0.00448316 -0.0041751 -0.00322802 -0.000251775 0.000407191 -0.00103222 -0.000303449 0.000455358 0.000809088 0.137037 -0.00691485 -0.0123428 -0.00512938 -0.00599458 -0.00321162 0.00170203 0.000188507 -0.000186479 -0.00530149 -0.000530031 -0.00300194 0.00156754 -0.00691485 0.150321 -0.00844618 -0.00961901 -0.0227256 -0.0160065 -0.0034778 -0.000206976 0.000648436 -0.00619702 -0.00208881 -0.00110472 -0.00277173 -0.0123428 -0.00844618 0.150576 0.044671 0.0491175 0.0376844 0.0202135 -0.00146548 -0.0035204 -0.0332416 -0.00131951 -0.00424224 -0.00605769 -0.00512938 -0.00961901 0.044671 0.172764 0.0272422 0.0280128 0.0153023 -0.000924744 -0.00134715 -0.015488 -0.00400344 -0.00534439 -0.00448316 -0.00599458 -0.0227256 0.0491175 0.0272422 0.181565 0.0116744 -0.011442 -0.00181209 -0.00041876 -0.01339 -0.00808649 -0.00261496 -0.0041751 -0.00321162 -0.0160065 0.0376844 0.0280128 0.0116744 0.198813 -0.046969 -0.00144092 -0.00085282 -0.00790479 -0.010456 -0.00385356 -0.00322802 0.00170203 -0.0034778 0.0202135 0.0153023 -0.011442 -0.046969 0.179769 -0.00164579 0.000604508 -0.0173653 -0.0107343 -0.000315921 -0.000251775 0.000188507 -0.000206976 -0.00146548 -0.000924744 -0.00181209 -0.00144092 -0.00164579 0.266139 6.25661e-06 -0.000274928 -0.000258459 -6.90169e-05 0.000407191 -0.000186479 0.000648436 -0.0035204 -0.00134715 -0.00041876 -0.00085282 0.000604508 6.25661e-06 0.189197 0.00119564 -8.22448e-05 -0.00129006 -0.00103222 -0.00530149 -0.00619702 -0.0332416 -0.015488 -0.01339 -0.00790479 -0.0173653 -0.000274928 0.00119564 0.23504 -0.00309782 -0.000806198 -0.000303449 -0.000530031 -0.00208881 -0.00131951 -0.00400344 -0.00808649 -0.010456 -0.0107343 -0.000258459 -8.22448e-05 -0.00309782 0.292703 