44.1833 3.54587 7.65928 7.09862 6.79464 8.43498 7.34892 8.03081 7.24792 7.23089 6.40768 5.04606 2.29744 3.54587 14.63 1.2431 5.74592 4.04068 4.72663 4.21726 3.90936 4.049 3.36663 3.4555 2.41775 0.707059 7.65928 1.2431 12.6082 1.74073 5.13184 4.56345 4.36269 3.53802 4.09843 3.68857 3.35833 2.38469 0.654614 7.09862 5.74592 1.74073 12.1119 3.653 6.88182 5.63791 4.8378 4.80408 4.23595 4.02358 3.02013 0.725962 6.79464 4.04068 5.13184 3.653 12.18 4.06474 6.73423 4.60048 4.7977 4.50377 3.95486 3.07558 0.855667 8.43498 4.72663 4.56345 6.88182 4.06474 14.6564 5.39357 6.32013 5.73702 5.26548 4.71947 3.66736 0.979424 7.34892 4.21726 4.36269 5.63791 6.73423 5.39357 15.7914 2.14091 5.46974 4.38553 4.26961 3.17501 0.983114 8.03081 3.90936 3.53802 4.8378 4.60048 6.32013 2.14091 16.5973 4.17158 5.50294 3.77386 3.06201 0.888093 7.24792 4.049 4.09843 4.80408 4.7977 5.73702 5.46974 4.17158 15.8208 1.38169 4.30051 2.8817 0.543162 7.23089 3.36663 3.68857 4.23595 4.50377 5.26548 4.38553 5.50294 1.38169 23.8335 2.96753 2.96647 1.31264 6.40768 3.4555 3.35833 4.02358 3.95486 4.71947 4.26961 3.77386 4.30051 2.96753 17.2602 0.647398 -2.27147 5.04606 2.41775 2.38469 3.02013 3.07558 3.66736 3.17501 3.06201 2.8817 2.96647 0.647398 21.6406 -6.84806 2.29744 0.707059 0.654614 0.725962 0.855667 0.979424 0.983114 0.888093 0.543162 1.31264 -2.27147 -6.84806 22.6971 

