44.1833 0.0296563 -5.28828 -6.12769 -4.86661 -5.2874 -5.37056 -3.27944 -2.30855 -3.53854 -3.79658 -3.74621 -2.81132 0.0296563 14.63 0.526984 0.515111 0.584479 0.753586 0.816215 0.80919 0.696132 1.35471 0.896834 -2.042 -5.63062 -5.28828 0.526984 12.6082 1.13107 5.34912 4.1148 4.55463 4.01369 3.54328 2.41764 2.65968 3.59192 2.29861 -6.12769 0.515111 1.13107 12.1119 1.71091 5.5175 4.64267 4.38371 3.38559 5.51354 3.07656 3.68564 2.39365 -4.86661 0.584479 5.34912 1.71091 12.18 4.01844 7.16337 5.79622 4.73654 5.22825 3.61491 4.51795 3.10166 -5.2874 0.753586 4.1148 5.5175 4.01844 14.6564 4.62828 7.57333 4.92708 5.47421 4.20432 4.85773 3.45516 -5.37056 0.816215 4.55463 4.64267 7.16337 4.62828 15.7914 5.7396 6.40499 6.43051 4.65119 5.48531 3.89853 -3.27944 0.80919 4.01369 4.38371 5.79622 7.57333 5.7396 16.5973 2.1429 5.53346 3.82613 4.90126 3.33353 -2.30855 0.696132 3.54328 3.38559 4.73654 4.92708 6.40499 2.1429 15.8208 5.75863 4.57215 4.12565 3.06163 -3.53854 1.35471 2.41764 5.51354 5.22825 5.47421 6.43051 5.53346 5.75863 23.8335 4.51945 5.26959 3.79549 -3.79658 0.896834 2.65968 3.07656 3.61491 4.20432 4.65119 3.82613 4.57215 4.51945 17.2602 2.82772 2.58535 -3.74621 -2.042 3.59192 3.68564 4.51795 4.85773 5.48531 4.90126 4.12565 5.26959 2.82772 21.6406 0.742392 -2.81132 -5.63062 2.29861 2.39365 3.10166 3.45516 3.89853 3.33353 3.06163 3.79549 2.58535 0.742392 22.6971 