1 -0.287346 0.164112 0.00298461 0.0055891 0.0192356 0.00925037 0.00814455 0.0202963 0.0372638 0.0264928 0.000741794 -0.000929289 -0.287346 1 -0.279284 0.166918 -0.0128882 0.0197017 0.0119536 -0.000730004 0.0103069 0.00632854 0.00619387 0.00101307 -0.000423582 0.164112 -0.279284 1 -0.36609 0.146333 -0.00428015 0.0592802 0.0101518 0.0285852 0.0142339 0.00270759 -0.000731846 0.00058206 0.00298461 0.166918 -0.36609 1 -0.226264 0.14127 0.0410723 0.00907044 0.0275486 0.00502694 0.00139134 0.00135477 -0.000119287 0.0055891 -0.0128882 0.146333 -0.226264 1 -0.357604 0.180165 -0.0154261 0.0329521 0.00802933 -0.00441486 0.00197887 0.000165376 0.0192356 0.0197017 -0.00428015 0.14127 -0.357604 1 -0.10943 0.0771069 0.0283079 0.014398 0.00469284 -0.00108116 -0.00271167 0.00925037 0.0119536 0.0592802 0.0410723 0.180165 -0.10943 1 -0.350693 0.073007 -0.0148422 0.00672128 -0.00384906 -0.00490845 0.00814455 -0.000730004 0.0101518 0.00907044 -0.0154261 0.0771069 -0.350693 1 -0.0514296 0.081469 -0.0158722 -0.0034404 -0.00484482 0.0202963 0.0103069 0.0285852 0.0275486 0.0329521 0.0283079 0.073007 -0.0514296 1 -0.209964 0.034366 -0.0103262 -0.000602997 0.0372638 0.00632854 0.0142339 0.00502694 0.00802933 0.014398 -0.0148422 0.081469 -0.209964 1 -0.0645757 -0.00566968 -0.0169958 0.0264928 0.00619387 0.00270759 0.00139134 -0.00441486 0.00469284 0.00672128 -0.0158722 0.034366 -0.0645757 1 -0.21624 -0.100711 0.000741794 0.00101307 -0.000731846 0.00135477 0.00197887 -0.00108116 -0.00384906 -0.0034404 -0.0103262 -0.00566968 -0.21624 1 -0.285501 -0.000929289 -0.000423582 0.00058206 -0.000119287 0.000165376 -0.00271167 -0.00490845 -0.00484482 -0.000602997 -0.0169958 -0.100711 -0.285501 1 