0.262048 -0.0601324 0.0291847 0.000539417 0.00101486 0.00365463 0.00188337 0.0016508 0.00390987 0.00721514 0.00479824 0.000135971 -0.000110858 -0.0601324 0.167119 -0.0396628 0.0240914 -0.00186888 0.00298927 0.00194355 -0.000118161 0.0015856 0.00097855 0.000895857 0.000148294 -4.03532e-05 0.0291847 -0.0396628 0.120684 -0.0449012 0.018032 -0.000551862 0.00819068 0.00139637 0.00373698 0.00187032 0.000332791 -9.1037e-05 4.71216e-05 0.000539417 0.0240914 -0.0449012 0.12465 -0.0283358 0.0185115 0.0057674 0.00126797 0.00366016 0.000671299 0.000173798 0.000171271 -9.81446e-06 0.00101486 -0.00186888 0.018032 -0.0283358 0.12582 -0.0470786 0.0254174 -0.00216653 0.00439858 0.00107726 -0.000554057 0.000251342 1.36701e-05 0.00365463 0.00298927 -0.000551862 0.0185115 -0.0470786 0.137751 -0.0161535 0.0113312 0.00395374 0.00202122 0.000616235 -0.000143684 -0.000234537 0.00188337 0.00194355 0.00819068 0.0057674 0.0254174 -0.0161535 0.158187 -0.0552266 0.0109271 -0.0022328 0.000945803 -0.000548167 -0.000454943 0.0016508 -0.000118161 0.00139637 0.00126797 -0.00216653 0.0113312 -0.0552266 0.156773 -0.00766309 0.012201 -0.0022235 -0.000487772 -0.000447034 0.00390987 0.0015856 0.00373698 0.00366016 0.00439858 0.00395374 0.0109271 -0.00766309 0.141615 -0.0298858 0.00457558 -0.00139145 -5.28807e-05 0.00721514 0.00097855 0.00187032 0.000671299 0.00107726 0.00202122 -0.0022328 0.012201 -0.0298858 0.143065 -0.00864169 -0.000767889 -0.00149808 0.00479824 0.000895857 0.000332791 0.000173798 -0.000554057 0.000616235 0.000945803 -0.0022235 0.00457558 -0.00864169 0.125178 -0.0273951 -0.00830364 0.000135971 0.000148294 -9.1037e-05 0.000171271 0.000251342 -0.000143684 -0.000548167 -0.000487772 -0.00139145 -0.000767889 -0.0273951 0.128217 -0.0238236 -0.000110858 -4.03532e-05 4.71216e-05 -9.81446e-06 1.36701e-05 -0.000234537 -0.000454943 -0.000447034 -5.28807e-05 -0.00149808 -0.00830364 -0.0238236 0.0543068 