0.262856 -0.0571226 0.0287287 0.00151961 0.00103711 0.00394701 0.00203394 0.00171931 0.00404087 0.00732478 0.00485521 0.000152512 -0.000124158 -0.0571226 0.166237 -0.0381057 0.0236661 -0.00149986 0.00299058 0.00212111 -6.74503e-05 0.00169396 0.00108607 0.000955173 0.000145067 -4.98079e-05 0.0287287 -0.0381057 0.120234 -0.0436663 0.0176825 4.69348e-05 0.00827204 0.00154494 0.0038222 0.00193423 0.000349584 -9.61609e-05 3.38679e-05 0.00151961 0.0236661 -0.0436663 0.124382 -0.0270821 0.0182318 0.0061898 0.00131461 0.0037774 0.000742741 0.000175357 0.000167426 -2.22567e-05 0.00103711 -0.00149986 0.0176825 -0.0270821 0.125587 -0.0457601 0.0253192 -0.00174022 0.00451881 0.0011846 -0.000562153 0.000238981 -6.05602e-06 0.00394701 0.00299058 4.69348e-05 0.0182318 -0.0457601 0.137961 -0.0150321 0.0112031 0.00414732 0.00206182 0.000607314 -0.000162066 -0.000253491 0.00203394 0.00212111 0.00827204 0.0061898 0.0253192 -0.0150321 0.15873 -0.0544351 0.0109469 -0.00190685 0.000938349 -0.000538801 -0.000488865 0.00171931 -6.74503e-05 0.00154494 0.00131461 -0.00174022 0.0112031 -0.0544351 0.157461 -0.00674739 0.0122422 -0.00219543 -0.00050455 -0.000476957 0.00404087 0.00169396 0.0038222 0.0037774 0.00451881 0.00414732 0.0109469 -0.00674739 0.142378 -0.0292958 0.00470911 -0.00119038 -0.00011637 0.00732478 0.00108607 0.00193423 0.000742741 0.0011846 0.00206182 -0.00190685 0.0122422 -0.0292958 0.143935 -0.00831719 -0.00066212 -0.00159434 0.00485521 0.000955173 0.000349584 0.000175357 -0.000562153 0.000607314 0.000938349 -0.00219543 0.00470911 -0.00831719 0.125862 -0.0269867 -0.00823592 0.000152512 0.000145067 -9.61609e-05 0.000167426 0.000238981 -0.000162066 -0.000538801 -0.00050455 -0.00119038 -0.00066212 -0.0269867 0.129198 -0.0237616 -0.000124158 -4.98079e-05 3.38679e-05 -2.22567e-05 -6.05602e-06 -0.000253491 -0.000488865 -0.000476957 -0.00011637 -0.00159434 -0.00823592 -0.0237616 0.0547538 